0.32551885436945976
0.3642559868155362
0.38638760465905336
0.398591115785874
0.40658273285152136
0.41349386228938245
0.4208456870874524
0.42940580908693005
0.43962254721774413
0.45179861849751324
0.46612502279464213
0.4826279918447317
0.5010526732946233
0.5207225072694529
0.5404801400379136
0.5588794127301261
0.5746704212216629
0.5872742873551998
0.596861616181585
0.6040515324069176
0.6095531192334475
0.6139589508313432
0.6176904799653548
0.6210199915996015
0.6241125127756324
0.6270631734074511
0.6299241145650643
0.632722060993558
0.6354692069894995
0.638169747510242
0.6408237077981298
0.643429142399617
0.6459833667820222
0.6484836224755224
0.6509274147628057
0.653312664133474
0.6556377543284558
0.6579015251750545
0.6601032379719664
0.6622425291624773
0.6643193609958412
0.6663339737816149
0.6682868419825166
0.670178635053641
0.6720101831969374
0.6737824478106925
0.6754964962259657
0.6771534802500352
0.6787546180279409
0.680301178758465
0.6817944698424331
0.6832358260889081
0.68462660065277
0.6859681574239207
0.6872618646293815
0.6885090894474328
0.68971119346576
0.690869528843587
0.6919854350620642
0.6930602361677772
0.6940952384310808
0.6950917283556701
0.6960509709869742
0.6969742084773535
0.6978626588733956
0.6987175150972396
0.6995399440987418
0.7003310861597031
0.7010920543342748
0.7018239340121797
