0.31785784831464853
0.35639157780620895
0.37836532752379054
0.39053962466456976
0.39864092825063435
0.40577582509494187
0.41344276005699215
0.4223962911018641
0.43307939512467764
0.4457955196109186
0.4607449817632882
0.47798087877907913
0.4973069531832088
0.5181434387987469
0.5394379001015491
0.5597745502600749
0.5777808910795009
0.5926306762647866
0.6042503688580968
0.6131194614261014
0.6199194934711143
0.6252822745045011
0.6296911815119044
0.6334786680360052
0.6368593871367323
0.6399666361384851
0.6428811440027555
0.6456509880939948
0.6483044824027961
0.6508582118222295
0.6533219283195726
0.6557014886905261
0.6580005944993362
0.6602218084444433
0.6623671374448158
0.6644383582865141
0.6664371916625551
0.6683653880154713
0.670224763016368
0.6720172051385733
0.6737446685585772
0.6754091590914932
0.6770127175661974
0.678557403080744
0.6800452774175986
0.681478391217526
0.6828587721225853
0.6841884148797192
0.6854692732832391
0.6867032537797298
0.6878922105398626
0.6890379418021924
0.6901421873052143
0.6912066266397191
0.6922328783713676
0.6932224998022634
0.6941769872559962
0.6950977767880371
0.6959862452360092
0.6968437115381854
0.697671438258884
0.6984706332687977
0.6992424515377726
0.6999879970031749
0.7007083244845327
0.7014044416193319
0.7020773107999002
0.702727851095165
0.7033569401439874
0.7039654160095135
