0.3134233071366724
0.4005228811485653
0.4928177678478607
0.5610190779639467
0.6023957151271214
0.6269034902758971
0.6420715419443402
0.651848645452145
0.6584289410970694
0.6631466087719913
0.6668076474438596
0.6698748775413746
0.6725986990938424
0.6751052625038138
0.6774513407124924
0.6796567686581114
0.6817231501134744
0.6836445336690504
0.6854134298177929
0.6870240673434923
0.6884739528345462
0.6897643580863807
0.6909001369807282
0.6918891543086175
0.6927415333550794
0.693468869883727
0.6940835092214847
0.6945979403047501
0.6950243274149216
0.6953741774726846
0.6956581272128304
0.6958858283449318
0.6960659076506477
0.6962059808357939
0.6963127022847166
0.6963918366070486
0.6964483414103744
0.6964864537759132
0.6965097753636302
0.6965213529466515
0.6965237525491069
0.6965191263289835
0.6965092720005199
0.6964956850100276
0.6964796039285646
0.6964620496579894
0.6964438590991565
0.6964257139335528
0.6964081651390127
0.6963916538129827
0.6963765288212617
0.6963630617306747
0.696351459428593
0.6963418747777774
0.6963344156073347
0.6963291522963863
0.6963261241696174
0.6963253448907331
0.6963268070101117
0.6963304858002842
0.696336342490417
0.6963443269939615
0.6963543802089694
0.6963664359572164
0.6963804226183623
0.6963962645061417
0.6964138830261405
0.6964331976485854
0.6964541267241031
0.6964765881662596
