0.2970966688195489
0.38116150649397557
0.46743134611271375
0.528872109217677
0.5646642516489119
0.5845800851393507
0.5956517726896167
0.6016644289235921
0.6048063566993257
0.6064140181113375
0.6072702993727953
0.6077997787969435
0.6082132338933127
0.6086031907476908
0.6090007349723251
0.6094069785252196
0.6098096719896711
0.6101916499819169
0.6105349734205499
0.6108228840880622
0.6110406875978426
0.611176131719989
0.6112195526023391
0.6111639079843573
0.6110047407432903
0.6107400830468251
0.6103703012566525
0.6098978829407643
0.6093271729251106
0.6086640711245023
0.6079157087861554
0.6070901210011063
0.6061959320643249
0.6052420671846597
0.6042375000205431
0.6031910413366991
0.602111170322011
0.6010059071186687
0.5998827230086635
0.5987484834449689
0.5976094185693999
0.5964711158522844
0.5953385298468892
0.5942160046241887
0.5931073051213559
0.5920156543174837
0.5909437737872457
0.5898939257475284
0.5888679551913171
0.5878673310948627
0.5868931859961033
0.585946353483485
0.5850274033162641
0.5841366740318246
0.5832743029921008
0.582440253889405
0.5816343417785015
0.5808562557329561
0.5801055792437281
0.5793818084897309
0.5786843686170702
0.5780126281657791
0.5773659117833313
0.5767435113618138
0.5761446957325794
0.575568719047392
0.5750148279699705
0.5744822677958159
0.5739702876115803
0.5734781445985498
