0.336780772727075
0.41792575586216407
0.5041172921232568
0.5674681147683505
0.6020383116226847
0.6171211021036541
0.6223497723514344
0.623415349057229
0.6230375147090469
0.6223694684580018
0.6218381780344976
0.6215550536334586
0.6215026795367358
0.6216165807122167
0.6218197681758854
0.6220367136382278
0.6221988309942322
0.6222468496996268
0.6221323791854205
0.6218194895741436
0.6212863635247788
0.6205266273650912
0.6195497488769003
0.6183799326615562
0.6170532813623918
0.6156135186194965
0.614107046044103
0.612578293966535
0.6110661538814028
0.6096018775115433
0.6082084053990965
0.606900803961431
0.6056873875652702
0.604571138809366
0.6035511447470465
0.6026238810180264
0.6017842682251975
0.6010264861933216
0.6003445654185356
0.5997327890221872
0.5991859407499928
0.5986994310448847
0.5982693279371287
0.5978923147250536
0.5975655932402074
0.5972867501127563
0.5970536034377699
0.5968640476679221
0.5967159142483476
0.59660686339315
0.5965343179526219
0.596495443881723
0.5964871746277304
0.5965062705024284
0.5965494002528617
0.5966132312146392
0.5966945162327636
0.5967901688878715
0.596897322265058
0.5970133696787246
0.5971359880424436
0.5972631459591693
0.5973930992989558
0.5975243772449882
0.5976557616909874
0.5977862625770369
0.5979150913378816
0.5980416341716247
0.5981654263727616
0.5982861285511021
