0.32378047381164504
0.4093980860079888
0.5009855818194126
0.5696962912631852
0.6114721142865324
0.6358255881721404
0.6506702756940335
0.6602972616240885
0.6670037837678441
0.6720955015929498
0.6763170375015684
0.6800774736932805
0.6835894059736402
0.6869545308586013
0.6902139461821064
0.6933766711267627
0.6964355642683429
0.6993762536728125
0.702182266335889
0.7048380655109685
0.7073308661892371
0.7096516562044551
0.7117956392646753
0.7137622318788739
0.7155547224802035
0.717179698156537
0.7186463412649644
0.7199656870463095
0.7211499144408938
0.7222117195434854
0.7231637988789329
0.7240184510717934
0.7247872919796342
0.7254810700068216
0.7261095643022083
0.7266815477080363
0.7272047975235731
0.727686139433017
0.728131512639663
0.7285460469117992
0.7289341446351473
0.7292995629760027
0.7296454928684866
0.7299746327757729
0.7302892560926832
0.7305912717118932
0.7308822777261292
0.731163608531755
0.7314363757780646
0.7317015037015904
0.7319597594234049
0.7322117787870461
0.7324580882902594
0.7326991236243234
0.7329352452886135
0.7331667516986246
0.7333938901569416
0.7336168660100189
0.7338358502713056
0.7340509859515509
0.7342623933031707
0.7344701741544716
0.7346744154832879
0.7348751923561715
0.7350725703394554
0.7352666074719173
0.7354573558737015
0.7356448630543441
0.7358291729722876
0.7360103268893567
0.7361883640566877
0.7363633222619393
0.7365352382630809
0.7367041481291903
0.7368700875054583
0.7370330918166144
0.7371931964201945
0.7373504367193864
0.7375048482433226
0.7376564667012041
0.7378053280156266
0.7379514683393928
0.7380949240594693
0.7382357317907354
0.7383739283620724
0.738509550796652
0.7386426362879297
0.7387732221724941
0.7389013459009668
0.7390270450076535
0.7391503570793848
0.7392713197244143
0.739389970541491
0.7395063470893568
0.7396204868572805
0.7397324272363194
0.739842205491698
0.7399498587364717
0.740055423906259
0.7401589377353706
0.7402604367341231
0.7403599571673853
0.7404575350345833
0.7405532060508209
0.7406470056292117
0.7407389688644291
0.7408291305175626
0.7409175250018404
0.7410041863696875
0.7410891483006983
0.741172444090675
0.7412541066416206
0.7413341684526726
0.7414126616119443
0.7414896177892195
0.7415650682294092
0.7416390437469269
0.7417115747206703
0.741782691089783
0.7418524223500769
0.741920797551144
0.7419878452940036
0.7420535937293459
0.74211807055647
0.7421813030224781
0.7422433179221981
0.7423041415984728
0.7423637999429211
0.742422318397101
0.7424797219539641
0.742536035159981
0.7425912821171531
0.7426454864858706
0.7426986714875615
0.7427508599080551
0.7428020741008619
0.7428523359910144
0.7429016670787926
0.7429500884440247
0.7429976207502753
0.7430442842493391
0.7430900987859375
0.7431350838024763
0.7431792583439834
0.743222641063125
0.7432652502254185
0.7433071037144278
0.7433482190371249
0.7433886133292792
0.7434283033609306
