0.16030452148477248
0.13919030561796164
0.11807152589589472
0.09940900219711576
0.08512587092070807
0.07565384124132302
0.07017551007632301
0.06746850804186211
0.06647554502212272
0.06646177497183245
0.06697003194338969
0.06773258454272213
0.0685978853265284
0.06948176141168798
0.0703379247725462
0.07114108474769736
0.07187760560096362
0.07254046847747374
0.07312660374275383
0.07363548297648143
0.07406835053902194
0.07442776009182381
0.07471724544383888
0.07494104755798014
0.0751038693709335
0.07521065427600798
0.07526639325706233
0.07527596662187443
0.07524402355962202
0.07517489909991217
0.07507256495221719
0.07494060873044224
0.07478223524638442
0.07460028364730055
0.07439725485563962
0.07417534474909747
0.07393647957461466
0.07368235107802379
0.07341444967606243
0.07313409467212935
0.0728424610248147
0.07254060253886904
0.07222947158848625
0.07190993562989247
0.0715827908388178
0.07124877323902672
0.07090856768682839
0.07056281505550445
0.07021211793166661
0.06985704509866468
0.06949813504438396
0.06913589869448086
0.06877082153879242
0.06840336528897863
0.06803396917959167
0.06766305100267217
0.06729100794734458
0.06691821730039656
0.06654503705108611
0.0661718064330412
0.06579884642776997
0.06542646024762552
0.06505493381081065
0.06468453621689821
0.06431552022818272
0.06394812275978355
0.06358256537963032
0.06321905481817279
0.06285778348674631
0.06249893000291547
