0.32378047381164504
0.4093980860079888
0.5009855818194126
0.5696962912631852
0.6114721142865324
0.6358255881721404
0.6506702756940335
0.6602972616240885
0.6670037837678441
0.6720955015929498
0.6763170375015684
0.6800774736932805
0.6835894059736402
0.6869545308586013
0.6902139461821064
0.6933766711267627
0.6964355642683429
0.6993762536728125
0.702182266335889
0.7048380655109685
0.7073308661892371
0.7096516562044551
0.7117956392646753
0.7137622318788739
0.7155547224802035
0.717179698156537
0.7186463412649644
0.7199656870463095
0.7211499144408938
0.7222117195434854
0.7231637988789329
0.7240184510717934
0.7247872919796342
0.7254810700068216
0.7261095643022083
0.7266815477080363
0.7272047975235731
0.727686139433017
0.728131512639663
0.7285460469117992
0.7289341446351473
0.7292995629760027
0.7296454928684866
0.7299746327757729
0.7302892560926832
0.7305912717118932
0.7308822777261292
0.731163608531755
0.7314363757780646
0.7317015037015904
0.7319597594234049
0.7322117787870461
0.7324580882902594
0.7326991236243234
0.7329352452886135
0.7331667516986246
0.7333938901569416
0.7336168660100189
0.7338358502713056
0.7340509859515509
0.7342623933031707
0.7344701741544716
0.7346744154832879
0.7348751923561715
0.7350725703394554
0.7352666074719173
0.7354573558737015
0.7356448630543441
0.7358291729722876
0.7360103268893567
0.7361883640566877
0.7363633222619393
0.7365352382630809
0.7367041481291903
0.7368700875054583
0.7370330918166144
0.7371931964201945
0.7373504367193864
0.7375048482433226
0.7376564667012041
0.7378053280156266
0.7379514683393928
0.7380949240594693
0.7382357317907354
0.7383739283620724
0.738509550796652
0.7386426362879297
0.7387732221724941
0.7389013459009668
0.7390270450076535
0.7391503570793848
0.7392713197244143
0.739389970541491
0.7395063470893568
0.7396204868572805
0.7397324272363194
0.739842205491698
0.7399498587364717
0.740055423906259
0.7401589377353706
0.7402604367341231
0.7403599571673853
0.7404575350345833
0.7405532060508209
0.7406470056292117
0.7407389688644291
0.7408291305175626
0.7409175250018404
0.7410041863696875
0.7410891483006983
0.741172444090675
0.7412541066416206
0.7413341684526726
0.7414126616119443
0.7414896177892195
0.7415650682294092
0.7416390437469269
0.7417115747206703
0.741782691089783
0.7418524223500769
0.741920797551144
0.7419878452940036
0.7420535937293459
0.74211807055647
0.7421813030224781
0.7422433179221981
0.7423041415984728
0.7423637999429211
0.742422318397101
0.7424797219539641
0.742536035159981
0.7425912821171531
0.7426454864858706
0.7426986714875615
0.7427508599080551
0.7428020741008619
0.7428523359910144
0.7429016670787926
0.7429500884440247
0.7429976207502753
0.7430442842493391
0.7430900987859375
0.7431350838024763
0.7431792583439834
0.743222641063125
0.7432652502254185
0.7433071037144278
0.7433482190371249
0.7433886133292792
0.7434283033609306
0.7434673055419072
0.7435056359274388
0.7435433102236484
0.7435803437933324
0.7436167516614333
0.7436525485208507
0.7436877487379955
0.7437223663585062
0.743756415112875
0.7437899084221253
0.7438228594033326
0.7438552808753348
0.7438871853642148
0.7439185851088423
0.7439494920663813
0.7439799179177409
0.74400987407294
0.7440393716765187
0.7440684216127713
0.7440970345110576
0.7441252207509605
0.7441529904674055
0.744180353555775
0.7442073196768528
0.7442338982618203
0.744260098517111
0.7442859294292227
0.7443113997693934
0.7443365180984092
0.7443612927710487
0.7443857319406979
0.7444098435638052
0.744433635404171
0.7444571150374013
0.7444802898550684
0.744503167068795
0.7445257537144665
0.7445480566562116
0.7445700825903043
0.7445918380490639
0.7446133294046653
0.7446345628728394
0.7446555445165185
0.7446762802494704
0.7446967758397378
0.744717036913125
0.744737068956586
0.7447568773214673
0.7447764672268056
0.7447958437624468
0.7448150118921995
0.7448339764567998
0.744852742176944
0.744871313656189
0.7448896953837687
0.7449078917373625
0.7449259069858951
0.7449437452920986
0.7449614107151973
0.7449789072133625
0.7449962386462817
0.7450134087775597
0.7450304212770446
0.7450472797232258
0.7450639876054093
0.7450805483260674
0.7450969652027906
0.7451132414706224
0.7451293802839425
0.7451453847185818
0.7451612577737603
0.7451770023739931
0.7451926213709271
0.7452081175452516
0.7452234936084136
0.745238752204385
0.7452538959113377
0.7452689272433148
0.7452838486518265
0.7452986625274777
0.7453133712014259
0.7453279769469187
0.7453424819807852
0.7453568884647873
0.7453711985071062
0.7453854141635909
0.7453995374391209
0.7454135702889737
0.7454275146199577
0.7454413722916828
0.7454551451177877
0.7454688348670311
0.745482443264535
0.7454959719927301
0.7455094226926225
0.7455227969646862
0.7455360963699637
0.7455493224310026
0.7455624766329544
0.7455755604243505
0.745588575218125
0.7456015223925566
0.745614403292012
0.7456272192278952
0.7456399714794623
0.7456526612946401
0.745665289890745
0.745677858455355
0.7456903681469879
0.7457028200958521
0.7457152154045763
0.7457275551488443
0.7457398403781406
0.7457520721163663
0.745764251362464
0.745776379091113
0.7457884562532447
0.745800483776702
0.7458124625667794
0.7458243935068259
0.7458362774587008
0.7458481152634286
0.7458599077416475
0.7458716556941123
0.7458833599021797
0.7458950211283936
0.7459066401167374
0.7459182175933217
0.7459297542666876
0.7459412508283175
0.7459527079529159
0.745964126299068
0.7459755065093107
0.745986849210871
0.7459981550157723
0.7460094245213306
0.7460206583104921
0.7460318569521996
0.7460430210016802
0.7460541510008414
0.7460652474785449
0.7460763109509909
0.7460873419219067
0.7460983408829835
0.7461093083140758
0.7461202446835181
0.7461311504484127
0.7461420260548595
0.7461528719382613
0.7461636885235753
0.7461744762255295
0.7461852354488961
0.7461959665887588
0.7462066700306355
0.7462173461508366
0.7462279953166372
0.7462386178864088
0.746249214209941
0.7462597846286163
0.7462703294755523
0.746280849075885
0.7462913437468822
0.7463018137981353
0.7463122595318095
0.7463226812427274
0.7463330792185915
0.7463434537401383
0.7463538050812967
0.7463641335093506
0.7463744392850795
0.7463847226629523
0.7463949838911988
0.7464052232120317
0.7464154408617177
0.7464256370707852
0.7464358120640788
0.7464459660609367
0.7464560992753183
0.7464662119159085
0.7464763041862517
0.7464863762848291
0.7464964284052469
0.7465064607362797
0.7465164734620322
0.7465264667619762
0.7465364408111456
0.746546395780142
0.746556331835321
0.746566249138818
0.7465761478486788
0.7465860281189529
0.7465958900997778
0.7466057339374272
0.7466155597744578
0.7466253677497743
0.7466351579986985
0.7466449306530115
0.7466546858411537
0.7466644236881412
0.7466741443157571
0.7466838478425668
0.7466935343840252
0.7467032040525076
0.7467128569574153
0.7467224932051773
0.746732112899429
0.7467417161409493
0.7467513030277907
0.7467608736553468
0.7467704281163488
0.7467799665010016
0.7467894888969925
0.7467989953895336
0.74680848606146
0.7468179609932662
0.7468274202631277
0.7468368639469698
0.746846292118552
0.7468557048494362
0.7468651022091337
0.7468744842650458
0.7468838510826071
0.7468932027252411
0.7469025392544861
0.7469118607299359
0.7469211672094153
0.7469304587488803
0.7469397354025571
0.7469489972229097
0.7469582442607703
0.7469674765652736
0.7469766941839441
0.7469858971627197
0.746995085546013
0.7470042593766899
0.7470134186961728
0.7470225635444157
0.7470316939599485
0.7470408099799285
0.7470499116401543
0.7470589989750919
0.7470680720179274
0.7470771308005515
0.7470861753536434
0.7470952057066272
0.7471042218878121
0.7471132239242799
0.7471222118419987
0.7471311856658508
0.7471401454196064
0.7471490911259766
0.747158022806654
0.7471669404822923
0.7471758441726051
0.7471847338962976
0.7471936096711185
0.7472024715139327
0.7472113194406766
0.7472201534664052
0.7472289736053398
0.7472377798708129
0.7472465722753536
0.7472553508307337
0.74726411554786
0.7472728664369618
0.7472816035074399
0.7472903267680199
0.7472990362267059
0.7473077318907736
0.7473164137668722
0.7473250818609638
0.7473337361783554
0.7473423767237686
0.7473510035012619
0.7473596165143179
0.7473682157658368
0.7473768012581505
0.7473853729930376
0.7473939309717541
0.7474024751949946
0.7474110056630073
0.7474195223754815
0.747428025331616
0.7474365145302178
0.7474449899695728
0.7474534516475314
0.747461899561522
0.7474703337085536
0.7474787540852523
0.7474871606877892
0.7474955535119887
0.7475039325533283
0.7475122978068633
0.7475206492673644
0.747528986929209
0.7475373107864929
0.7475456208329567
0.7475539170620656
0.7475621994669607
0.7475704680405195
0.7475787227753284
0.747586963663712
0.7475951906977479
0.7476034038692472
0.7476116031697958
0.747619788590749
0.7476279601232279
0.7476361177581892
0.7476442614863198
0.7476523912981625
0.7476605071840542
0.7476686091341496
0.7476766971384813
0.74768477118686
0.7476928312689674
0.7477008773743268
0.7477089094923646
0.7477169276123533
0.7477249317234264
0.7477329218146386
0.7477408978748916
0.7477488598930417
0.7477568078577915
0.7477647417578129
0.747772661581662
0.7477805673178378
0.7477884589547684
0.7477963364808106
0.7478041998842935
0.7478120491534826
0.7478198842765968
0.7478277052418318
0.7478355120373484
0.7478433046512972
0.7478510830717683
0.7478588472869114
0.7478665972848029
0.7478743330535671
0.7478820545812822
0.7478897618560989
0.7478974548661301
0.7479051335995316
0.7479127980445008
0.7479204481892343
0.7479280840219903
0.7479357055310544
0.7479433127047397
0.7479509055314522
0.7479584839996235
0.7479660480977549
0.7479735978144102
0.7479811331382138
0.7479886540578531
0.7479961605621355
0.7480036526398832
0.7480111302800704
0.7480185934717325
0.748026042203972
0.7480334764660128
0.7480408962472009
0.7480483015369384
0.7480556923247843
0.7480630686003759
0.7480704303534671
0.7480777775739563
0.748085110251825
0.7480924283772209
0.7480997319403815
0.7481070209317079
0.748114295341724
0.7481215551610919
0.7481288003806293
0.7481360309912427
0.7481432469840653
0.7481504483503361
0.748157635081426
0.7481648071689228
0.7481719646045212
0.748179107380088
0.7481862354876888
0.7481933489194914
0.7482004476678733
0.748207531725392
0.7482146010847377
0.7482216557388186
0.7482286956806955
0.7482357209036107
0.7482427314010048
0.7482497271664786
0.7482567081938396
0.7482636744770653
0.7482706260103612
0.7482775627880728
0.7482844848047526
0.7482913920551961
0.7482982845343249
0.748305162237313
0.7483120251595169
0.7483188732964792
0.7483257066439916
0.7483325251979883
0.7483393289546647
0.7483461179103941
0.7483528920617735
0.7483596514055911
0.748366395938872
0.7483731256588596
0.7483798405629577
0.7483865406488397
0.7483932259144045
0.7483998963577183
0.7484065519771014
0.7484131927710698
0.7484198187383729
0.7484264298780144
0.748433026189159
0.7484396076712221
0.7484461743238617
0.7484527261469426
0.7484592631405321
0.7484657853049783
0.7484722926407935
0.7484787851487669
0.7484852628299002
0.7484917256854048
0.7484981737167382
0.7485046069255813
0.7485110253138428
0.7485174288836826
0.7485238176374549
0.7485301915777556
0.7485365507074427
0.7485428950295546
0.748549224547371
0.748555539264447
0.7485618391845147
0.7485681243115909
0.7485743946498591
0.7485806502037695
0.7485868909780176
0.7485931169775004
0.7485993282073672
0.7486055246729624
0.7486117063799174
0.7486178733340482
0.748624025541422
0.7486301630083207
0.7486362857412814
0.7486423937470409
0.7486484870325858
0.7486545656051083
0.7486606294720606
0.748666678641082
0.7486727131200965
0.7486787329172075
0.7486847380407358
0.7486907284992694
0.7486967043016256
0.7487026654567865
0.7487086119739843
0.7487145438627304
0.7487204611326838
0.7487263637937654
0.7487322518560943
0.748738125330037
0.7487439842261702
0.7487498285552691
0.7487556583283476
0.7487614735566412
0.7487672742515724
0.7487730604248328
0.7487788320882749
0.7487845892540065
0.7487903319343192
0.7487960601417012
0.7488017738889099
0.7488074731888849
0.7488131580547516
0.7488188284998616
0.7488244845377977
0.748830126182304
0.7488357534473545
0.748841366347138
0.7488469648960328
0.7488525491086032
0.7488581189996316
0.7488636745841327
0.7488692158772302
0.7488747428943393
0.7488802556510249
0.7488857541630578
0.7488912384463867
0.7488967085171806
0.7489021643917557
0.7489076060866797
0.7489130336186458
0.7489184470046103
0.7489238462616211
0.7489292314069703
0.7489346024581368
0.748939959432757
0.748945302348665
0.748950631223866
0.748955946076537
0.7489612469250427
0.7489665337879275
0.7489718066839042
0.7489770656318409
0.7489823106507923
0.7489875417600015
0.7489927589788543
0.7489979623269014
0.7490031518238938
0.7490083274896688
0.7490134893443172
0.7490186374080553
0.7490237717012328
0.7490288922443954
0.749033999058229
0.7490390921635675
0.7490441715813944
0.7490492373329
0.7490542894393508
0.7490593279221898
0.7490643528030305
0.7490693641036072
0.7490743618458057
0.7490793460516632
0.7490843167433504
0.7490892739431605
0.7490942176735702
0.7490991479571327
0.7491040648166051
0.7491089682748396
0.7491138583547962
0.7491187350796202
0.7491235984725542
0.749128448556972
0.7491332853563724
0.7491381088943979
0.7491429191948109
0.7491477162814307
0.7491525001783056
0.7491572709095228
0.7491620284993271
0.7491667729720445
0.7491715043521339
0.7491762226641745
0.749180927932841
0.7491856201829354
0.7491902994393438
0.7491949657270751
0.7491996190712203
0.7492042594970283
0.749208887029786
0.749213501694921
0.7492181035179364
0.7492226925244438
0.7492272687401414
0.7492318321908633
0.749236382902456
0.7492409209009135
0.7492454462123318
0.7492499588628588
0.7492544588787182
0.7492589462862889
0.7492634211119302
0.7492678833821832
0.749272333123603
0.7492767703628591
0.7492811951266668
0.7492856074418591
0.7492900073352962
0.7492943948339754
0.7492987699648829
0.7493031327551356
0.7493074832319074
0.7493118214224371
0.7493161473540187
0.7493204610540176
0.7493247625498806
0.7493290518690621
0.7493333290391619
0.7493375940877497
0.7493418470425179
0.7493460879311785
0.7493503167815203
0.7493545336213596
0.7493587384785958
0.7493629313811636
0.7493671123570289
0.7493712814342479
0.7493754386408725
0.7493795840050591
0.7493837175549471
0.7493878393187685
0.7493919493247557
0.7493960476012014
0.7494001341764518
0.7494042090788484
0.7494082723368218
0.749412323978785
0.7494163640332361
0.7494203925286627
0.7494244094935884
0.7494284149566117
0.7494324089462778
0.7494363914912497
0.7494403626201601
0.7494443223616861
0.7494482707445008
0.7494522077973511
0.7494561335489551
0.7494600480280833
0.7494639512634804
0.7494678432839971
0.7494717241184277
0.7494755937955754
0.7494794523443016
0.7494832997934711
0.74948713617194
0.7494909615085673
0.7494947758322781
0.7494985791719436
0.7495023715564733
0.7495061530147787
0.7495099235757944
0.7495136832684182
0.7495174321216055
0.7495211701642666
0.7495248974253211
0.7495286139337018
0.7495323197183535
0.7495360148081931
0.7495396992321549
0.7495433730191304
0.7495470361980755
0.7495506887978699
0.7495543308474399
0.7495579623756767
0.7495615834114668
0.7495651939836921
0.7495687941212229
0.7495723838529011
0.7495759632075958
0.7495795322141477
0.74958309090134
0.7495866392979951
0.7495901774329179
0.7495937053348503
0.7495972230325763
0.7496007305548366
0.7496042279303206
0.7496077151877374
0.7496111923557468
0.7496146594630619
0.7496181165382648
0.7496215636099857
0.749625000706819
0.7496284278573194
0.749631845090001
0.7496352524334262
0.7496386499160351
0.7496420375663123
0.7496454154126637
0.7496487834835021
0.7496521418071982
0.7496554904120867
0.7496588293264911
0.7496621585786649
0.7496654781968624
0.7496687882092863
0.7496720886441423
0.7496753795295416
0.7496786608936045
0.7496819327644179
0.749685195169984
0.7496884481383176
0.7496916916973903
0.7496949258751168
0.7496981506993731
0.749701366198004
0.7497045723988262
0.7497077693295972
0.7497109570180287
0.74971413549182
0.7497173047786067
0.749720464905964
0.7497236159014699
0.7497267577926323
0.749729890606902
0.7497330143716914
0.7497361291143808
0.749739234862327
0.74974233164278
0.7497454194829754
0.7497484984101103
0.7497515684513346
0.749754629633722
0.7497576819843252
0.7497607255301395
0.749763760298103
0.7497667863151111
0.7497698036080144
0.749772812203601
0.7497758121286152
0.7497788034097523
0.7497817860736314
0.7497847601468588
0.7497877256559489
0.7497906826274056
0.7497936310876385
0.7497965710630229
0.749799502579872
0.7498024256644713
0.7498053403430146
0.7498082466416219
0.7498111445864623
0.7498140342035213
0.7498169155187984
0.7498197885582423
0.7498226533476937
0.7498255099129799
0.749828358279877
0.7498311984740634
0.7498340305211778
0.7498368544468367
0.7498396702765214
0.7498424780357387
0.7498452777498619
0.7498480694442358
0.7498508531441886
0.7498536288749161
0.7498563966616045
0.749859156529357
0.7498619085032044
0.7498646526081459
0.74986738886912
0.7498701173109622
0.7498728379585259
0.7498755508365024
0.7498782559695927
0.749880953382409
0.7498836430995222
0.7498863251454186
0.7498889995445197
0.7498916663212142
0.7498943254997876
0.7498969771045042
0.7498996211595316
0.7499022576889995
0.7499048867169423
0.7499075082673606
0.7499101223641965
0.7499127290312885
0.7499153282924456
0.7499179201714178
0.7499205046918659
0.7499230818773914
0.7499256517515316
0.74992821433778
0.749930769659549
0.7499333177402046
0.7499358586030045
0.7499383922711613
0.7499409187678576
0.74994343811618
0.7499459503391492
0.7499484554597214
0.7499509535007965
0.7499534444852082
0.7499559284357146
0.7499584053750247
0.7499608753257617
0.7499633383105184
0.7499657943517667
0.7499682434719642
0.7499706856934923
0.7499731210386639
0.7499755495296743
0.7499779711887439
0.7499803860379775
0.7499827940994112
0.749985195395036
0.7499875899467542
0.749989977776429
0.7499923589058298
0.7499947333566888
0.7499971011506478
0.7499994623092903
0.7500018168541565
0.7500041648066683
0.7500065061882595
0.7500088410202291
0.7500111693238385
0.7500134911202688
0.7500158064306737
0.7500181152760902
0.7500204176775515
0.7500227136559395
0.7500250032321755
0.7500272864270267
0.7500295632612168
0.7500318337554602
0.7500340979303387
0.7500363558063854
0.7500386074040969
0.7500408527438783
0.7500430918460477
0.7500453247309176
0.7500475514187029
0.7500497719295368
0.75005198628352
0.7500541945006683
0.7500563966009568
0.7500585926042519
0.750060782530396
0.7500629663991564
0.7500651442302317
0.7500673160432428
0.7500694818577948
0.7500716416933696
0.7500737955694166
0.7500759435053191
0.7500780855204124
0.7500802216339082
0.7500823518650198
0.7500844762328923
0.7500865947565569
0.7500887074550314
0.7500908143472508
0.7500929154520665
0.7500950107883256
0.7500971003747599
0.7500991842300471
0.7501012623728204
0.7501033348216255
0.7501054015949811
0.7501074627113071
0.7501095181889851
0.7501115680463252
0.7501136123015706
0.7501156509729089
0.7501176840784788
0.7501197116363312
0.7501217336644912
0.7501237501808679
0.750125761203362
0.7501277667497909
0.7501297668379112
