0.31516537710471554
0.399594209820248
0.4886111091923622
0.5548069671944326
0.5952962779132399
0.6193283019258196
0.6341820207117441
0.6437465648832082
0.6501722988498367
0.6547584006850206
0.6582913309313804
0.6612264957797916
0.6638142506838941
0.6661848579483692
0.6684012476726114
0.6704898213994537
0.6724577693745721
0.6743026260617575
0.676017540965929
0.6775942478424554
0.6790248103216853
0.6803027003993622
0.6814234779018387
0.682385189403861
0.6831885369218019
0.6838368445618332
0.6843358521951466
0.6846933741195849
0.6849188684221102
0.6850229650017324
0.6850169961617557
0.6849125647988077
0.6847211739194019
0.6844539298502624
0.6841213217760534
0.6837330730149613
0.6832980548918965
0.6828242518719958
0.6823187662203388
0.6817878512587653
0.6812369637689232
0.6806708278397674
0.6800935042019356
0.6795084606692664
0.6789186406418711
0.6783265276950006
0.6777342050983999
0.6771434097136544
0.6765555801411889
0.6759718992715957
0.675393331573027
0.6748206555452646
0.6742544918149821
0.6736953273541864
0.6731435362863994
0.6725993977146426
0.6720631109664367
0.6715348086096327
0.6710145675518577
0.6705024184969243
0.669998353995269
0.6695023352931975
0.6690142981562334
0.668534157816879
0.6680618131749334
0.6675971503593062
0.6671400457444628
0.6666903685002832
0.6662479827426473
0.6658127493420585
