0.32378047381164504
0.4093980860079888
0.5009855818194126
0.5696962912631852
0.6114721142865324
0.6358255881721404
0.6506702756940335
0.6602972616240885
0.6670037837678441
0.6720955015929498
0.6763170375015684
0.6800774736932805
0.6835894059736402
0.6869545308586013
0.6902139461821064
0.6933766711267627
0.6964355642683429
0.6993762536728125
0.702182266335889
0.7048380655109685
0.7073308661892371
0.7096516562044551
0.7117956392646753
0.7137622318788739
0.7155547224802035
0.717179698156537
0.7186463412649644
0.7199656870463095
0.7211499144408938
0.7222117195434854
0.7231637988789329
0.7240184510717934
0.7247872919796342
0.7254810700068216
0.7261095643022083
0.7266815477080363
0.7272047975235731
0.727686139433017
0.728131512639663
0.7285460469117992
0.7289341446351473
0.7292995629760027
0.7296454928684866
0.7299746327757729
0.7302892560926832
0.7305912717118932
0.7308822777261292
0.731163608531755
0.7314363757780646
0.7317015037015904
0.7319597594234049
0.7322117787870461
0.7324580882902594
0.7326991236243234
0.7329352452886135
0.7331667516986246
0.7333938901569416
0.7336168660100189
0.7338358502713056
0.7340509859515509
0.7342623933031707
0.7344701741544716
0.7346744154832879
0.7348751923561715
0.7350725703394554
0.7352666074719173
0.7354573558737015
0.7356448630543441
0.7358291729722876
0.7360103268893567
