0.3388151304800411
0.4243739930344081
0.5101972847437377
0.5732580093658662
0.6124075067580875
0.635990824738572
0.6506732909362604
0.6602750444729824
0.6669790191821584
0.6720704303534388
0.6762913636603141
0.6800509106690761
0.6835618469728831
0.68692597968751
0.6901844667268674
0.6933463612420798
0.6964045418744013
0.6993446480440406
0.7021502114949066
0.7048056946130975
0.7072983066937614
0.7096190259817856
0.7117630438358569
0.7137297628760763
0.715522457262336
0.7171477003809132
0.7186146621409514
0.7199343669829933
0.7211189848360342
0.722181204521981
0.7231337168563857
0.7239888160800368
0.7247581147366737
0.7254523587448538
0.7260813253847702
0.7266537860738613
0.7271775169952459
0.7276593429246814
0.7281052022923555
0.7285202241792152
0.7289088103370314
0.7292747173318067
0.7296211355199996
0.7299507628046523
0.7302658720365218
0.7305683715811876
0.7308598590229389
0.731141668270851
0.7314149105101688
0.7316805095387958
0.7319392320660525
0.7321917135517835
0.732438480138755
0.7326799671922024
0.7329165349143326
0.7331484814518989
0.7333760538664192
0.7335994572901451
0.7338188625481089
0.7340344124872072
0.7342462272194038
0.7344544084546237
0.7346590430731569
0.734860206063367
0.7350579629316811
0.7352523716738438
0.7354434843826415
0.7356313485548012
0.7358160081493151
0.7359975044408805
