0.3177835453063856
0.4000977692657583
0.4865578101221994
0.5513710446825211
0.5913641787037826
0.6151047936369044
0.6296957297864119
0.6390322862705838
0.6452591165115464
0.6496628412213032
0.6530290178127311
0.6558217781316277
0.6583026881512796
0.6606112636325296
0.662816257746657
0.6649465839693642
0.6670093343251007
0.6690001213143707
0.670909029182449
0.6727241063220782
0.6744334804728093
0.6760266754363436
0.677495425065114
0.6788341315278217
0.6800400453576766
0.6811132192295579
0.6820562829267733
0.6828740892636811
0.6835732819216706
0.6841618330457205
0.684648590971261
0.6850428681791217
0.6853540885309225
0.6855915027251627
0.6857639727955219
0.6858798207497182
0.685946733015518
0.6859717108243808
0.6859610565157479
0.6859203864945966
0.68585466281224
0.6857682367643623
0.6856648993098095
0.6855479343911901
0.6854201723290005
0.6852840413491096
0.6851416159993283
0.6849946617374316
0.6848446753576218
0.6846929211928146
0.6845404632129287
0.684388193253963
0.6842368556792331
0.684087068805111
0.6839393434309129
0.6837940988034568
0.6836516763282284
0.6835123513146074
0.6833763430155197
0.6832438231941849
0.6831149234240406
0.6829897413023216
0.6828683457345082
0.6827507814262235
0.6826370726997208
0.6825272267361037
0.682421236329488
0.682319082226999
0.6822207351172084
0.6821261573205684
