0.32249414060807224
0.40924389388166577
0.502519226177687
0.5724777771629959
0.614920501868249
0.639659626445825
0.6547324925124185
0.66444711390753
0.6711178063010984
0.6760755059229674
0.6800871544445929
0.6835776759782338
0.6867700502927633
0.689772658736835
0.6926310263903884
0.6953574445359453
0.6979477570005432
0.7003909523622343
0.7026747197392716
0.7047886446428294
0.7067259196601173
0.7084840504908523
0.7100648631838986
0.7114740451319252
0.7127204138688911
0.7138150733024611
0.7147705782733376
0.7156001877207402
0.716317249652491
0.7169347316886547
0.7174648907100343
0.7179190634661832
0.7183075550461361
0.7186396017368493
0.7189233870769917
0.7191660934188893
0.7193739750887254
0.719552442744763
0.7197061515197806
0.7198390879260465
0.7199546523305298
0.7200557351515013
0.7201447858782895
0.7202238746630323
0.7202947466519696
0.7203588694796776
0.7204174744889252
0.720471592300055
0.7205220833631878
0.7205696641036796
0.7206149292299303
0.7206583707210351
0.7207003939577231
0.720741331405447
0.7207814542070419
0.7208209819951286
0.7208600911916726
0.720898922023818
0.7209375844520682
0.7209761631777466
0.7210147218713737
0.7210533067424896
0.7210919495525233
0.7211306701570702
0.7211694786501697
0.7212083771722095
0.7212473614334582
0.7212864219966981
0.7213255453565094
0.7213647148458919
