0.325101441393572
0.4118942348362067
0.5051336435978474
0.5750111789904567
0.6172753845010729
0.641731308058309
0.656477571894816
0.6658772072181587
0.6722675700152299
0.6769829591979951
0.6807877270653542
0.6841044008686051
0.6871552812144022
0.6900496198025525
0.6928347367658739
0.695524947571332
0.6981177048246902
0.7006026660836063
0.7029669047347714
0.7051979794177335
0.7072857388979423
0.7092233037857234
0.7110074613721851
0.7126386262432357
0.7141204907840287
0.7154594784774616
0.7166641010491672
0.7177443026933661
0.7187108522774432
0.7195748213642009
0.7203471655644313
0.7210384111446309
0.7216584384556006
0.7222163480562287
0.7227203932989277
0.723177963450142
0.7235956031221438
0.7239790561265059
0.7243333243178016
0.7246627342794565
0.7249710066660322
0.7252613246145351
0.7255363988834165
0.7257985283136515
0.7260496548857152
0.7262914131218703
0.7265251739019503
0.7267520829635825
0.726973094476532
0.7271890001392701
0.7274004542655679
0.7276079953201617
0.7278120643392834
0.7280130206377351
0.728211155166998
0.7284067018491367
0.7285998471741887
0.7287907383119114
0.7289794899569466
0.729166190095817
0.7293509048583954
0.7295336825933012
0.7297145572857038
0.7298935514194347
0.7300706783690162
0.7302459443953004
0.7304193503063531
0.7305908928361925
0.7307605657857107
0.7309283609635142
