0.31785635368454346
0.40589829912900727
0.49943907326690323
0.5691120439508118
0.6120844590522638
0.6382463278050101
0.6550219859092978
0.6662397561765174
0.6740254566408709
0.6797041587226567
0.6841039073026383
0.687717535224662
0.6908229201733441
0.6935683902653961
0.6960280489306592
0.698235655097952
0.7002048452112218
0.701941029635273
0.7034481866161788
0.7047324265200551
0.7058034584329272
0.7066747160539061
0.7073626987817301
0.7078859458298424
0.7082639404770456
0.7085161311017235
0.7086611627060523
0.7087163440207295
0.7086973321264499
0.7086179949534479
0.7084904058171861
0.7083249271585278
0.7081303480416127
0.7079140485275845
0.7076821720001979
0.7074397930898677
0.7071910738480478
0.706939404401926
0.7066875267333955
0.7064376417534626
0.7061915007372102
0.7059504826408589
0.705715658996165
0.7054878480745347
0.7052676599101341
0.7050555336154497
0.7048517682498122
0.7046565483267716
0.7044699648815126
0.7042920328739642
0.7041227055721666
0.7039618864509347
0.7038094390455973
0.7036651951230093
0.7035289614654721
0.703400525510806
0.70327966004591
0.7031661271166446
0.7030596812860188
0.7029600723498839
0.7028670475991557
0.7027803537018619
0.70269973826579
0.702624951131811
0.7025557454395294
0.7024918785000626
0.7024331125045632
0.7023792150936441
0.7023299598077569
0.7022851264358672
