
# For obs_10000_iter_70 (0.7022851264358672)
3 3 0.6962395 0.0620515 0.241709 0.1372618 0.7055703 0.1571679 0.1342151 0.2530178 0.6127671
3 4 0.7022851 0.1811877 0.1023093 0.0142178 0.0817997 0.4394301 0.3238544 0.1549158 0.0543355 0.1728898 0.1842627 0.588512

# For obs_5000_iter_70 (0.6964765881662596)
3 3 0.7097091 0.0678528 0.222438 0.1389332 0.6924064 0.1686604 0.0947031 0.2749134 0.6303834
3 4 0.6964766 0.1919194 0.0930331 0.0185709 0.10132 0.4414405 0.3136307 0.1436088 0.0633015 0.1790106 0.1899225 0.5677653

# For obs_4000_iter_70 (0.7213647148458919)
3 3 0.7093267 0.05923 0.2314432 0.1478341 0.6734627 0.1787032 0.0796068 0.288443 0.6319501
3 4 0.7213647 0.1848659 0.076525 0.0172444 0.1178288 0.4414769 0.3131197 0.1275746 0.0660277 0.1724492 0.2078082 0.553715

# For obs_3750_iter_70 (0.7309283609635142)
3 3 0.7120943 0.0532484 0.2346573 0.1375533 0.6662562 0.1961906 0.0803736 0.2975673 0.622059
3 4 0.7309284 0.1745033 0.0795895 0.0149788 0.1389443 0.4518562 0.286488 0.1227115 0.0578408 0.1592684 0.2200954 0.5627954

# For obs_3500_iter_70_uniformpi (0.7359975044408805)
3 3 0.7149258 0.0460065 0.2390677 0.1318411 0.6701643 0.1979946 0.0687883 0.306228 0.6249836
3 4 0.7359975 0.1779533 0.0779978 0.0080513 0.1505187 0.4519495 0.2756153 0.1219164 0.0627181 0.1593166 0.2224868 0.5554785

# For obs_3500_iter_70_states_2 (0.7018239340121797)
2 2 0.7000478 0.2999522 0.1298038 0.8701962
2 4 0.7018239 0.2032148 0.0844164 0.0105449 0.0852614 0.3042759 0.2566587 0.353804

# For obs_3500_iter_70_states_4 (0.7456051993697964)
4 4 0.6998038 0.031965 0.1885867 0.0796446 0.1263292 0.3649213 0.227579 0.2811704 0.0428865 0.2844344 0.4956983 0.1769807 0.1588845 0.2927154 0.1571612 0.3912389
4 4 0.7456052 0.1631223 0.0820337 0.0092388 0.1160425 0.2965944 0.4218956 0.1654675 0.0627054 0.1152998 0.1730869 0.6489079 0.1459469 0.5712529 0.1528749 0.1299252

# For obs_3500_iter_70_states_4 (0.8064870833273777)
5 5 0.6318869 0.0178597 0.1830568 0.0307591 0.1364376 0.0557488 0.3534159 0.2045761 0.2492898 0.1369694 0.0313562 0.2712303 0.4674976 0.1868778 0.0430381 0.0395933 0.3268586 0.1668668 0.2978567 0.1688247 0.2356214 0.068918 0.1678627 0.1797977 0.3478002
5 4 0.8064871 0.0782045 0.1030054 0.012303 0.093097 0.2758811 0.4528062 0.1782157 0.0659498 0.110621 0.1629842 0.660445 0.1110066 0.5075762 0.1819634 0.1994538 0.477003 0.4704272 0.0493555 0.0032144

# For obs_10000_iter_70_states_2 (0.7039654160095135)
2 2 0.6703839 0.3296161 0.1595915 0.8404085
2 4 0.7039654 0.1739384 0.0976982 0.024398 0.0513334 0.3163822 0.2620221 0.3702623

# For obs_3500_iter_70 (0.7360103268893567)
3 3 0.7149281 0.0460006 0.2390713 0.1318294 0.6701709 0.1979997 0.0687856 0.3062126 0.6250018
3 4 0.7360103 0.1779415 0.077996 0.0080521 0.1505415 0.4519548 0.2755983 0.1219054 0.0627115 0.1593217 0.2225004 0.5554665

# For obs_3500_iter_150 (0.7434283033609306)
3 3 0.7267114 0.0226651 0.2506236 0.111198 0.6741809 0.214621 0.0678287 0.3241248 0.6080465
3 4 0.7434283 0.1738464 0.0771557 0.0055696 0.1841155 0.4505005 0.2627518 0.1026322 0.0451544 0.1569877 0.2298417 0.5680161

# For obs_3500_iter_1000 (0.7501297668379112)
3 3 0.7319863 1.2E-5 0.2680017 0.1077512 0.6136769 0.2785718 0.0652849 0.2970067 0.6377084
3 4 0.7501298 0.1679723 0.0753569 0.006541 0.2249882 0.4792512 0.2514302 0.0443303 0.0425033 0.17441 0.2401755 0.5429112

# For obs_3000_iter_70 (0.7143139738343663)
3 3 0.7086999 0.0564954 0.2348046 0.1399062 0.6601645 0.1999293 0.0944081 0.2867908 0.618801
3 4 0.714314 0.1899895 0.0886464 0.0070501 0.1366355 0.4507657 0.2836793 0.1289195 0.0540738 0.1739696 0.2143442 0.5576123

# For obs_2500_iter_70 (0.6821261573205684)
3 3 0.6898527 0.0755914 0.2345559 0.1680386 0.6415125 0.190449 0.1238531 0.251029 0.6251179
3 4 0.6821262 0.2126754 0.1025912 0.0026073 0.0975478 0.4866537 0.2703138 0.1454847 0.0488242 0.1551613 0.2434048 0.5526097

# For obs_1500_iter_70 (0.6658127493420585)
3 3 0.7130447 0.0418208 0.2451346 0.1441729 0.6421303 0.2136968 0.1359906 0.2604205 0.6035888
3 4 0.6658127 0.2289494 0.1050733 1.646E-4 0.0953158 0.4872833 0.2943588 0.123042 0.0404061 0.1446114 0.2430695 0.571913

# For obs_1000_iter_70 (0.5734781445985498)
3 3 0.7255428 0.0361054 0.2383519 0.18166 0.6277185 0.1906215 0.1960441 0.204858 0.5990979
3 4 0.5734781 0.3279478 0.0981059 4.681E-4 0.0102583 0.4735881 0.3510057 0.1651479 0.0177233 0.1303043 0.254529 0.5974434

# For obs_500_iter_70 (0.5982861285511021)
3 3 0.7784642 9.37E-4 0.2205988 0.1375254 0.6802411 0.1822335 0.2011428 0.0911698 0.7076874
3 4 0.5982861 0.3037501 0.0914342 0.0065295 2.9E-6 0.5526759 0.4464325 8.886E-4 0.0279946 0.157872 0.2069889 0.6071445
