0.33846130713562267
0.39748863784988137
0.44034458743444665
0.47149663357045296
0.49763768241546347
0.5231127593201724
0.5498793861611272
0.5781562306049387
0.6069379612474034
0.6345887874420613
0.6595577893310888
0.6809268548429138
0.6985513937031956
0.7128471311900249
0.7244638668507459
0.7340432930289119
0.7421096314865047
0.7490513912366317
0.7551426727009456
0.7605730749101979
0.7654736877114289
0.7699362790690042
0.7740264226615452
0.7777921569728504
0.7812696182253711
0.7844867104525719
0.7874655280229778
0.7902239890126727
0.7927769652843931
0.7951370850575974
0.7973153157006319
0.7993213932756078
0.8011641407947886
0.8028517026524595
0.8043917142064688
0.8057914205069252
0.807057755201937
0.8081973887888879
0.8092167540842667
0.8101220557478233
0.8109192697386329
0.8116141376234423
0.8122121596720522
0.8127185896740289
0.8131384334320684
0.8134764519708949
0.8137371696987626
0.8139248871042145
0.8140436970946331
0.8140975037902554
0.8140900424702651
0.8140248994056525
0.8139055304684206
0.8137352776423725
0.8135173828355098
0.8132549986732955
0.8129511962076007
0.8126089696889941
0.8122312387109242
0.8118208481394588
0.8113805662974931
0.8109130818837469
0.8104210000844729
0.809906838290183
0.8093730217697411
0.8088218795863139
0.8082556409740689
0.807676432329319
0.807086274914893
0.8064870833273777
