0.32432590435297026
0.40899107134540846
0.4995289485441002
0.5677256448401258
0.6093537717422572
0.6335814700043341
0.6481912520507466
0.6574482331309096
0.6636552586782226
0.6681390118842068
0.6716707108789248
0.6746845452289237
0.6774141766520184
0.6799784782230472
0.6824327991551291
0.6847983447846329
0.687078583845617
0.6892683133224973
0.6913586828462509
0.693340023667252
0.695203475667936
0.6969419295672447
0.698550546013642
0.7000269841079586
0.7013714126730185
0.7025863546796941
0.7036764086979297
0.704647889738386
0.7055084297314578
0.7062665731790649
0.7069313963796005
0.7075121702138454
0.7080180781026437
0.7084579934348488
0.7088403150945799
0.7091728558483804
0.7094627761340104
0.7097165549109897
0.7099399893147635
0.7101382155560736
0.7103157445387234
0.7104765068202106
0.7106239026708503
0.7107608540129274
0.7108898559029463
0.7110130259435387
0.7111321505859689
0.7112487277232686
0.7113640052991406
0.7114790158911484
0.7115946073847277
0.7117114699575304
0.7118301596542335
0.7119511188606498
0.71207469399521
0.7122011507281929
0.7123306870239091
0.712463444279031
0.7125995168060495
0.712738959885636
0.7128817965866605
0.7130280235290799
0.7131776157428799
0.713330530756365
0.7134867120286814
0.7136460918260181
0.7138085936264819
0.7139741341263408
0.7141426249096748
0.7143139738343663
