0.5934381984120058
0.6527512691032606
0.6695695414188964
0.6750930075344072
0.6778273277511636
0.67989245821665
0.6818029215347114
0.6836741783859261
0.6855233372999087
0.6873454093559725
0.6891326042565855
0.690878768069262
0.6925799367653448
0.694233961661729
0.6958400088419873
0.697398134018983
0.6989089645221314
0.7003734749072317
0.7017928342977432
0.7031683055928134
0.7045011809704718
0.7057927422171395
0.7070442377127727
0.7082568703717204
0.7094317926220289
0.710570105765099
0.7116728619343154
0.7127410674751441
0.7137756869812081
0.7147776475017024
0.7157478426222191
0.7166871362474082
0.7175963659958996
0.7184763461717927
0.719327870310692
0.7201517133187054
0.7209486332358009
0.7217193726596789
0.7224646598698513
0.7231852096908968
0.7238817241326565
0.7245548928424096
0.725205393401397
0.7258338914948019
0.7264410409810526
0.727027483883367
0.7275938503233812
0.7281407584141414
0.7286688141267252
0.7291786111432004
0.7296707307059032
0.7301457414711788
0.7306041993746112
0.7310466475127441
0.7314736160451698
0.7318856221199934
0.7322831698244048
0.7326667501615757
0.7330368410541428
0.7333939073744361
0.733738401000483
0.73407076089728
0.7343914132216693
0.7347007714498394
0.7349992365256035
0.7352871970276851
0.735565029354692
0.7358330979255802
0.7360917553940522
0.7363413428752789
