0.3269510921048393
0.3875589349113261
0.43713400904268906
0.47100368480215865
0.49433432736727484
0.5134370213830305
0.5325599917854069
0.554073587468787
0.5789941053100717
0.6070189704491677
0.636283105790397
0.6636042979414335
0.6858167757395001
0.7014020749244255
0.7109007636409659
0.7159852031504366
0.7183751450218707
0.7193358467322175
0.7196493118410219
0.7197495039896561
0.7198571162423107
0.7200725528605318
0.7204317797003706
0.7209377784462352
0.7215776783183554
0.7223318898496822
0.7231788754026821
0.7240975661419913
0.7250685182197812
0.7260743983331693
0.7271001164387015
0.7281327762593262
0.7291615347756468
0.730177419140781
0.7311731267072434
0.7321428220506818
0.7330819390081629
0.7339869929832064
0.7348554074590402
0.7356853578619537
0.7364756351262755
0.7372255303298987
0.737934740597767
0.7386032952358076
0.7392314999325775
0.739819896012579
0.740369231247082
0.7408804386568952
0.7413546200341201
0.7417930314712166
0.7421970688993043
0.7425682523840826
0.7429082086130201
0.7432186515670174
0.7435013617721435
0.7437581647717377
0.7439909095610884
0.7442014477183083
0.7443916138775454
0.7445632080565954
0.7447179801977261
0.7448576171277576
0.7449837320053712
0.7450978562091163
0.7452014335294798
0.7452958164663654
0.745382264393247
0.7454619433301289
0.7455359270647839
0.7456051993697964
